118 laceratur. Woeete, De 10 propr. dee 000 6911000.

1100011101100 101 101 800010, 1000 110 01100 11110100, 151011111ιο0
001 1111011010 1130011010 101 10111100 0101 (0100. 1.1; 001111
101 00301100 11010010, 1000 die 1011111301 100 1130011000
1001100101001000000 111 ihre 11010ορ10113 0101 0011101110 1110
0010110100 100100001010 0111100 100000, 0101100111 „elle die 10
111000 013010101οο 3000111101οη 11001110ωο0300 001 101011 111000-
0110101011 010100181οη0 30100101 werden (0100. 1.); 0011100011
eine 10100 1011111003 101 1010011010000110100101100300 00111030»
101 Frage, 00101010 1001101010 100 1001001001οο 11001100 11011
001 1100110 10 Tege 3011111011 haben (ehep. 3.). 1101100110 neue
110111010001 0101 mit einer 1030100100 100010001010010003 10
1000010100 characters dieses 111300110001001100, 0010100100 eabe
ken 00 100 11110100 001 Ρ10111100010 (0100. 4.), 001 0010011111-
10100 (0100. 510030001001000111.

11101 001 1101010111101 101110 11010110010 1001011003 Ok-
310101 100 0110 1001110010 110011 01011, 0101000110 10131011.
1001130011001010011 101 10111100 00 100 11110100 u. 0. w. 1οι
1110111101 0001100010 und senech im (1030000110 10 1001001100 01011
0010000 1001 110 Frage 1011131101 100 10101300 11130011οω1 fe
10110 1100110111 31010101 110100 00100110100 werden, 10 1110 1110010
10001101101 101010 0101 001 11011101010018013100 00310101 11·
0101001οο 0000011110 ven 1801 Ι011 100 013001001οο 1111110100
000100 101. 1101113000 101110110000010010 (100011301003 1010110001.
1789 euch 1111 100 1013100108001110Βο110111 00 010100, weil 11
1111101000 101 constituente 1101131101 101 Κ11010031101 0110000000
1100011010 11013100, welches allerdings eret 1795 101100110101100
011 1101011 100 1111001011οω0 3100000110110 0001113101 publicis*-
Ι1101100.

, 11001100 001011101 803100 101 1001010010011000101100 e:
4. November 1789 110 003. mise 1 le disposition de 10 001100 elle
111010031101 10010111, 00011010 1101001 01111001 101 8011001001
1011001011 110 11110100 0100011101 30001100000 001 110110 terium
0101 10101111, 110110 promet 001100 waren, 111110 101 emtione
ρο1101001010101001010101100 dee 001100 0111001100 (100010 100
11. 0101110111110. 1101 1798) 3001011010100 13113010 provisore&
100 110100 (10110001 10101011001100001100 1110110100 (1011010 1
100 Cultus, 0010101 0110111030 100 1130011001 1010011100 00010
100 1001100000 0001 1011011111οο 103000100101 wer. Die 1101001101
1003 11010101 101 011. XII. 100 (10000110100010 16. 01001101 11..
(15. 1011 18111) 1010111010030111011. 75. 00171. 101 0130010110

1111101, 00110 Ι110 1001010 im 8001110101 1101100 1011011101οο xerces

 

