111 memoror. swam. 11111111 1111111111 11 111 moe. 1111.

11111, 111111 1111111111111 (1111111111 111 1111111111111111 111-
1111111111 1111111. 11111 11111111111111111111 8111111111 duob
111 1111111, 1111111 10‚000 11111111,1111.111 111111111111 111111-
1111111111111111111111111111111181111111 111111118111118111111-
11111111 111111111111111118 gagen 1111111111 11111111· 111 11111
111 8111111111 111 1111111111 selbot in 11111 1111111111· und 811111-

1111 111 mehr 111 3111111111 Interesse 111131 1111111111111111111- ,

1111 111 11111111 1111 1111111111 111 11111111 111 111 111111111-
111111 111 1111111111 811111, dass 111111111131111111111181-

’ 111111111111111111111 111111 1119111111 11131111111111111111

111 111111111111111 1111111111 1111111 8131111111 111 1111111111
11111111 Base! beiblgon. Wir 1111111 11111111111111111 11111111 111
111111111111111111111111111111111111111111111111111 1111 1111111,
111 11111311111111 111 1111111111 11111111111111 (iniat, 1111111111
11111 111111111111111111111111 11111111 11111 gerunden 11111, 111
111111111 111 11111111 sohwoiaeriwhon 81111111 1111111, um 11
111111, 1111 in 111 11111111 111131111111 1111111111111111111-
111 111 11111111111111111 (11111 111 (1111111 golangt 1111111 111
1111, um 11 1111111111 111111 11 sagon, 1111111111 11111111111111,
1111 11111111111111111111111131111111111111 11 111111111111, 11111
1111111111111, 111 81111 1111111111 1111111111. Um 111 81111
11111111 111111111111, 111111 1111111, 11111111111 111 111 1111111111-
ten 10‚000 Ρ1111111, 111 Η11. 1111111111 1111111111, 111 111111
1111111111 16 jnrassischen Grossrathsmitgliodem 1111111111 81-
11111111 111 (111111 1111111 11111111111811111115.1111 1868
11118111111111 1111111111 11111111. 1111111111111111111 1111-
111111 1111111 111111111111111 8111111111111 27. 1111 1818, 111
11111111 also 11111111
Βαεο1111111111111 8111111111

11111 811111 111 Horren 8111111111 1111111111 1111111111 111111-
1111111111 16 andern jurassisehon Mitgliodern 1111111111 Bathos
111 11111111 Bam, 111111111111113111111111111

11111 1131111111 11111111 111 111111- 111111111111111111111
111 1111 11111111 111 11111, 1111111 1111111111

l. 1111 grosso 111111111111111 Bam 1111111· 111 1111111868
folgenden 1111111, 1111111111 111 1111111111111 1111111111111111111
111 111181111181111111 111111 1111111111 religiosor 011111

Der (111111 Rau· 1111 Kamous 81111, -
' »in 8111111111

1111 111 8111111111 111 (1111111111 1111111111 111111111111-
11118111111111, 1111111 11181111 1111111111 1111111111 111 111-

 

