1111111111111911 der 1111111111111119. 01111 in 111· 81111111. 59

111111111111111111111111111 1622 11111111111111, 1111 111-
111111111111113111111111111 der Sehreekensepeehe der 111111-
11111111111111111 111 111111 1111 1111111111,11111111 geeffltzt
111111 1111111111, 1111111 11111111 11111111 1111111113 111 11111
1111111111 01111111111 111111111111111 dem 11111111111111111,
111111111111,Ι dees 11111111 11111 frende, 1111111 1111 1111111111
11111111111111 111 dem Neehweis 111111 1111111111 glauben
111111 1111111111 111 111 1111111111 1111111113 11 1111111 dieser
11111111111111, welche 1111111 1111111111 111111111111110111-
11111111 111 111111111111, 111 1111 111111111111111 Votum dee
1111111111111 11111113111111111, 111 Recepituletionen 11 1111111-
1111,11111111111 11 111111. 11111 11111111111111111111111111
111111111111 1111111111111111, 1111111111 1111 11111111 11111.
der 1111. staatsverfassung 1111 desjenige 1111111111, welches einem
11111111 01111 eder 8111111111111111111, 11 111111 1111111111111
1111111111111 11111111 1111111111 111, 1111111 1111113111 111
81111111111111111111 11113111111 werden 111111, 11 liegen 111811·
111111111111 111 1111, 111 hereusgezegen werden 1111111. Die
naterlichsee 0111111111, 1111111111111111111111, 1111 111 11111111-
11111111 011111. 11111111 111 eine fremde 1111111111111111111
11111, 1111 111111111111111 Bewilligung 111 11111111111111111111
11111111111 11111111. 11111 1111 11111 11111111111111111, ee
111111 1111 zu dem 11111111 11111111111111111,11111111111111
111 11111111 3111111111 (111111111111 111 11111111111111 gegenfiber
ein Privilegium 111111. wir 111111 1111111, wieder 11111111 111
11111111 11111111111111111111 0111111111 sege, die 11111111 11-
seheinung 111 111, 1111 111 111111 111111111111101111 angeherigen -
1111111111111 Bewilligung 1111 11111111111111111111111111111 ,
werden 111111, 1111111111 111 1111111111111 0111111111111111
1111111 111111111111111111111 waren.

Wes 111 barmherzigen 8111111111 1111111,1111111 1111 1111
111 Frage, eb dieser 01111 111 1111111111111 1111 11111111 01111
111, 1111111111111 11111111 sein. 811111 1111111111, 1111 die·
111 01111 111 barmherzigen 8111111111 111 111 11111111 orden 11·
geeehen 11111, 1111 11111111 1111 11 11111111 1111111 11111111 Ge·
1111111111111 1868 1111111111 fiber eine Ungereehtigkeit 111111-
gen, 11111111 111111111111111111111ς der Verseesung resp. 1111. 82.
1111111111 1111111111. 1111111111 111111111111111111 1111 011111-
glieder ven dem 1111111111 1111111111111111111, 111 1111111111
Verfeseungeertikel 1111111 0111111111111, 11111111111111101111
1111111111, 111 111 1111111111 111111111 11 111111 1111111111 [111-

 

