11111111. &mmmm 1111111111111111111111111111111111.Β. 69

111 01311111111111111111111111111 dem ronhtsrheinisohen Theile

111 1111111111 11111111 111 11111111111111111111 1131111111111111-
1111111111111 111 1111111111 11 (1111111111111111 11 11113111
1111111111 Κ11111111111 111 11 111 11111111111111111111
11111111 111 111 Belmg, als 11 1111 um 1111111111 11111111, 111
vomita 111 1111111111 1111111, 111111 111 111111111311 11111111
madium im Κ111111111111111 und in 11181111 Β1111111 11111111

- Borathungen‚ 11 1111 11111111111111 8111111111 hommem, 111

1111111113 gibt (111. 9. 111111. 11).

ΙΙΙ. 11111 111 1111111 11111111, 11 werden wir 1111111111,
dass 111111111111111 11111 31111111 111, 111 er 1111111111111
1111, 111111 111111 11111111111111 11111. 15. findet.

111 11111111 1111111111111111111 sich 1111111 111111111111
1111111111 111 111111111111111111111 11 11111111 111 111 Haus-
1111111Κ11111 11 11111111 111, 111111111ἰί1 (msortige) Wie-
111111111111111111, 111 1111111111 1111111111 111111 11 1111111113,
11111 111 1111111111 (1111111 11111111111111 11 11111111 3111111111.

1111111111 1111 1111111111111 1111 folgenden keineswegs 11-
11111111 111111 111 Kixchenvorstands-Mitglieder 1111111 1111, 11111,
noun 111 1111111111 11111111111111 1111111111(1111 1111 11111 werdon
11111111 1111111 ,111 7. 111111111111111111111111111 111 8111
1111111111111), 111 mit 111 Κ11111111111111111 geht's 1111111
11111111 1111111 11111 3111111111, 111111111111111 11111111111131
11111111 1111 111111111111111111111111 111 1111111111 111111 111
111111 11111111 111 111Ρ11111111111111,11 11111181111111111131
1111111111111 11111 81111 111 1111111111 Ρ1111111111111111 1111111111
1111, 1111111111 111 111111111111111111111 111111Ρ11111111111·
den: 111 kann 1111111111111111111111, 1111111111 111111111111
11111111111111111111, 111111 111111 111Β11111111111111111 1111111111
gewwhsen 11111 1111111111 Die 111111 111111111311 11111111 1111
11111111111111111 11111 1111111111 11111111. will 1111111111 nicht
mit 1111111111 1111111111, 11 werden sich 1111111111111111,
1111111111 11111 11 legen.

1111111 14. 1111 11111111111111111111111111111 1111111111,
31111111 Weiss 1111 11111 111 1111111111 Bestimmung, dass 111
81111 1111111111 1111 1111111, 111 1111111 1111111111111111-
standon vorgebougt 1111111.

1) 1113111Ρ11111111, 1111111111 zahl 111 nicht gering‚ in 11111111, 111
, 111 (1111111111- und Handlungsweise, 11 1111 111 111131111111111 111 11111111-
und (11111111111111111 111 11111111 1111111111 1111 gleichsam 1111111 1111111111
1111111111, nicht 111111 zum 1111111111 111 11111111- und 111111111111111.

 

