3333333933 aar 3333333 333. 3333 3 «zer 33333. 41

331333333111113, 3331 13313 133 1133111133333333333131333133,
ausser das 33333133 1133313 33313111333331331 Κ333 133 33131133
Grandem 133 1313333333 33 sich 3311111333311333113131133133,
33311131113331 1113 sagon 33 mit Bedauom: 113131133331331133-
333 (1333333 1131133 3133113131, ’33133133 313 3133 1313333113333
33333 11333333 331 83113133, 3331131331131 3133, 3133, 3333 3311
3133133313 3133· 1131331333 133 1131131333 331 1331333313311311.-
1313313113 131111 133 11331313331313 11333311333133331311 3311331131
(11301333, welche 133 «1131333133 3333131133, 1 h. 133 Β1331131
333 113331, 333 dem· 113 113331133313333113331 31113333, 331 113
01333 der barmhorzigen 1131333133, 331313 in 1133133131333111333.
1333133133 wir, (1333 33 33333131 3313333333333133, 3333331333,
33 333313 333 11333 133 1131333313333 3333331131, 3131· 13 13333
331 133 13133131113133331113333331333 33333 113· 3331133331·
3331311333 (1333133 133 131133, 133 1133331331111113 3333131.
1131313333 133131133 3131 1313133331311 datum, 113 3311313333
1313313333 mehr 313 11313133 33333 113 1333113133 1313313333·
333 133 11331113133 133331133313 ,1131313 zu 3313333. 111333131111
11333 3333331133 3113 3333111133 13333331333331113113 113133.
1113133 wir 1313333 33111333333131133133113131333 313131
113 13333 31311333 831113 113 1111311 einer 031333331333133, 313113»
1333133133 1131131133, 113 vom 1133333· 331 1331113331 133 3133333
confession 331331331331133331311333 33 33111133, 31113311331113133
1131331311 3333331313333 3313, 313113 1133333 311113 01113333131133
einer vom 3133113133 Raude in 13333331 3313333331 83131131133131

' Β13131 jone ,3133 113 3131113133 1133111313 133,.·313·3331333 331ΙΙ

313311333333333 3113133133 Ι3133ι13333, 113 333 3131333 Ι13331-
33133 11313333 131131333133 von: 3333333 3313333133 13333 133-
333333313333 1131331133 1333311131 33333313113331331313111333311·
hang 3311131, muns man 33333331313113131311333133333 31333 31313-
lichen Druck 331 1113 1133313333 3333311333. Nur 313331333333
333 1331313313 331333333113111111333133Ρ11131133 3313133 133»
(133313 ihr ausen-,legt ·

13 der 8113333 des 11333333 Bathea, 13 3313133 133 333 333
333 33 3131333131133313 1331133113 3311331131 33313, 1311333 ·
sich, wie 133 Ρ33133ο11 3333313133333133133333 133 1111311131
331 13333313131333313311313333333113 333. 311333313333 ’133-
133333 3333333333133.1113333 3333313331 (113 1113131311 33 3131333Ι
Worten 1133 11333 333333 1311331313 331 1331333 1133333 3313333
13113131 um 33 33331131 313133 11331311333113313,13133311313133
33113113 33 3333133333 . ι · ·

 

