Woeote. De 18 promitte 88 888888881911888. “ 3⁶9

(88881188 818 deren 88888188888881818888188188 1118118188) 1118
disposition 1881818888818111, 118 Ρ18ιι888888 188 81888818 »uncele-
9898888 (888188 aux 8888888188, 881888 181188 1881818188 818818
1818888 818 8188 81888188881881888888 88· jone (8811181188 888 18
18888 1188888881 818 Bienor 1888188188, 81881 8181818818)18188188
konnen. Βυτο811811888818888888880.1188181 und 1188881188
§II-(29. April 881 8111811 1808) 8818811881888881818888 wie·
188 8888818181 88818 11818888 88181888 8888888118188 1818888
Bestimmung 881813888188 (888188), 881 18881 8188 118188 88118888
11888818 88818 188 118818 18811181888188818888 1881181188 1888. der
Fabriken 18 188 888888 18188888 88811818 111888188818118118 durch·
geffihrt. 181888 1188881 vom 80. 08888188 1800 8811188 88818 188
1118888818181188 888181881188 118 11111881 188 081888811888, ’888-
8888188888, 8888881888 881 881881 88888888 188 8188888 881
Ρ188881ι881 88181881, 8118881 118 communen 118888 888 118 88181-
, 1188 8888111881818881181 888188 818 88118888 1888888118118, 1888
188 1118881888 88 18888 18188188 1881888188, 81881188 08888888
8881881.
g Niehtadestowonigor 8888111888 8188881 8888888 (188818888181188,
ζ 88 88888 aas ffigenthum 88 communen 8 den 888888
ὲ (188181888888188888.1)8818818888888181,1888 818 8818888 nocht
j 8818888888 1818888 1881881188 8181
ζ Das 1188881188 ll. prairial 111 (80. 1181 11101) 8881881 nur
' von 188 1888183888 (81881188 0888888888818118188 8888888888
Ι 1188818888 dor 11188888. -- 1181888818888 888811888188111.
’ (27. 0818888 1806) 11881 18118888 818 8188 8888118888811188
Ρ81188188188188188 an, 1811888881818 (18 die 18181188 8881 81881
= organisirt 88888) 118 81118811888081888811888 und 8888881888 ’ }
von 11188888 88 1888188888, ohne im 0881888188 88818888 188111888- ’
⁵ 181888 18888 8188 8881188888 88188188. - 1118 1818818888 vom
1 7. 8881188 XI (26. 11818888 1808), welche 88 818 eine vorpffiehmng
1 188118818188181188 8811181, 1888118· von 188 08888888 18818888
1 188 1188818888, 1118118 odor 1188888188 188 11188888 8811188888888
1 88 1881188188 1188881888 88 88881888, 881118 1188 fiir 118 8811 118
1 88888811181188 188 8888888188 881 888 0888818888 dor 18181188
1 118 mm 0811881188818 8888881188 0811818 88 818118 der 888-
1 1881188 818888108881888881188, 888181888888811188118888 Mangol
188 88888 8181888888881811188 81888881818188 88 1111188111818 zur
11181888811883188 818811888811811818 88881188-1118 181188 18888 1
¹ 1881181888 988818188881881888188881881188 vom 8 818188 xm .
ξ (84. 0818188 1804) 881 8. plurime 881188. 1888881801), 8881818
1

 

