Εν11111111111 Mencken 26. Sept. 1871 111 boyer. 01111111. CLXXV

111111111111111111111111111111111 111 111 1111111111 Ρ11111
111 einen (111111111111111 11111111111 111111111111111 1111111
wil-d, 1111111111 111 nanneten 11111111111111111122. 11111 d. J.
1111 111111111111111 Η1111 11111111111 111 31111111 1111111111
1111111111 ist? 11111 111111 (111 Ρ11111111111111111111111, 1111
ihre Β1111111 1111111111 111111111111Κ1111111111 glauben, 1111
1111Ρ1111111111 1111 Β1111111 1111111111 8111111111 111 11111111
1111111111111111111111111111 1111111 11, quem 111 1111111111
(1111111111 10, 14. 1711 Κ111 1111111111111111 1111111111
1111 111111 Ρ111111111111111111 1111111111

111111111111111111111111111111111 11111 111111 111 111111
11 11111 1111111111 1111111 11111111111111111111111 1111111111
111111111111 1111111111, 11 muse 11111111111111Β111111111111
»dass die 1111111111 1111111111 111 1111111 1111111111111011111111
111 ihrer (1111111 11 11111111111 111 1111 1111 11 811111 111111111-
lichen Η111111111 1111 (111 811111111111 11 1111111 11111111 111-
1111111111.

1111111111 11111 111 111 11111111111111, 1111 »111 11111111
1111111111 111 die Κ11111, 1111111 1111 1111111111111111111
011111 111Κ11111 111 1111111111 811111111111111111111111111
111111111111111181111111, 111 81111111 11111 1111111111, 111
dem 11111 eines 1111111111111111 11 111111 81111111111111, dem
811111 11111111111111111111111111 11111111 11111111 111 1111-
1111 11111111111 111111111111, weil 11111 11111111111111111111111,
1111111 (111 Ρ1111 111 1111111111 Haupt der Κ11111 111 (1111111111
mit der Krone Β11111 1111111111111 111, 111 11181111111111
1111111111111 111111 811111111111111 1111111, im [111111111111
111 1111 1111111111 111 111 (11111111 111 8111111 11 11111111
nahmen. ’

Ν1111111 111 111111111 [1111111111 im Vorstehenden die
1111 Η1111111111, 111111 111111 1111111111 11 Ρ1111111 1111111111,
1111 111 mit 1111111111111111111111111, 1111 1111 11111 111111-
11111111111 111 1111111111111 Μ1111111, 11111111111,111111111
1111 111 1111 ein Wort 1111111111111111118111111111111111,1111
11111111 111111 1111111111 111111111111111 811111111 1111111111111.
,1)1111111111111, 1111 man 1111 mir 11111111111111111111111111
11 111Η111 1111111111 1111111111111111111111 111111111111, 11111-

11111 111111111111111111 111 111111111111 1111111 11 Β1111111111

0111111111 111 811111111111111 1111111111 11111111.
111111 1111111111 1111111111 111 (1111111111 111 1111111111

8111111111111 11111 111 »1111 11111111 1111111 111111, 11111111

 

