Das· (18881188 8888188181118818188888888 dae 8888188888. {W

8111188888 8888888888 zur· 1888888888 Κ118118.) 81818888· Ow-
81188888818888 88188888 8188811188 ist 1881 818 888 118818 1111818
licha 1181888881881 1881888888 11118118 18 8888811888 und 81818
ihm 8188818888 11118 88188 ,818 818888 81188888 88888181811888888
Eneyckica 188 1868 8888811881 syllabae, 8818881 8888888188 bin
1881818 8111888818 81881818 1811888188 und 88811 81811118 818
(18881188888111888888888881888188111888881188188811188188888118-Ὶ
8181818888118888888188811881818 81888 81811818188818 8188811
8888811881 der 1118888888 (181818188881818111888888 8888811888
11888 18188 8818818111 ung 881 8888888811181 8188111888 88118181
8888881888 818118 88888888. 881-818881881888811818 8111118 8888
88188181818881888 sein, dass, wenu der 8888888 81811181 881Ι (11888
88888 »aus 8811888881 vorgibt, dass 18 dem 11888188 81111181 818
im Staatsanzoiger 8818888888 8888888888 einer Auffordemng 888
81888818 1118811 818 1188181888 gar 11888 8888818811 8888888 881, der
11811888818818881888888888881888818888118 donn 8188 888118 888
11888188 1118111818 ’188888 8818118111 1118888811 1818818 818 1188181888
- 888 8188881 88188818 881, 81888 818888881818 8881188881
888181 8818888888188888 88118888811381 und 8888188 mit
88111881 protest. 11881818888188188811 regem 8118188888818888818
Dor 8188880888881818181 v. 11818181 181888 88881 dem 18811881
1871 den 11888. 18881. 1888188888 8188 8118888 8888888888818118
888 Β188118188 8888 8818118888. 181881 818188 18181111888888881888111-
8188818 vom 18 11811 1871 88 das Provincialsehulcoflegium 81
88818811 »Ans 818 1181181118 18188. 188811 und 21. 11881881 8.
8111818 188 aus 881888 881 8811888188, 8818118 dor Η1.111’18188881
von 8818 88181 888 10 December v J. an 81811188881181888188-
181881 888 (1818888188 88888888 888, 81188 8188818881888888181Ῐ
Provincialschulcollegiums 8181818888888, 818 11818. 88118188888181
durch 818 1188888188 der 88118188 8888111888 sans 881888. 888181 mit
A'nweisung zu 1818881, 8888 818 8118888 88818818888888888888
ihrer 1888118888 0881888818 18 8188181888 nur 8888 181

v heriger 8888818888 888 8811888818 der 8881818 81181 1881188 881188»

1118811118 818888 81188888 8118818188 81188 kgl. Ρ181188181881181881-
1881881888818888188888888811 8818881818818181881888881814

. 8181188888 8118188888 188 8818 hat 88 818 8818188888181. 8888

818888, 888 1818881 Η1188881181 1.- J 1878, 8188 8818818118 des
8118118888 11881818 881888811818 888888 111818 desselben» gegm
(188 Rhana 11811181 888 8818118111 der 8118 818188 und 888188 ,8188888
mamucha Dinge 18181811 88 Gymnasium m (188181 8818 dom

 

