111 01000 aa boyer. mataps. 00000. vom 00. um 1871.

0000 Beginn 100 101001100οο0 800010 100011 00110101 00001ος 000
000001 100001000οη0 00 010101000110001100000110οςοη gab, 11010-
1000 00 10010000 1100011010 0100100, 00000010 1000000100110000101
memmae 0011100 um 28. 0101 1869 Klage 001 Anerkennung eines
000000000000000 1110θο10000 00 100 1000110000 (1100100 gegen die
0011110010 1100010010 001000, welches Begehren 10 100 110001000οε
0100 100001 01110100 1) 1000 110 111ος0010 111ςο010000ήο 10
Κ10000,-000010100 ’110οτ0000 001 10000010 0000 100 8001100000οψ
100 001. 524, 525. 001 052. 100 civilgesetzbuchn ihr Eigenthum
00 100 11100100 00 0000001000 001, 1111000100 8000000010000010
01000100001000 vom ,10000 182911000011100010000000001 0000100001
0000, 3) 1000 010 011101000100000- 0100 gar 010 (1000000000000100
01000 (110000 1001011000 unmoglich 001 001 4) 10001010010110110
0100001000 0000100ος 100 (1100100 100 00000011000110000 2130010000
000010 10011000110000 1100001010 0010000000.

90010. Βο0.·(100100100 200100101000, 00010110 80000 10 00010
1001000 00000011010, 00100οἰ01 durch Urtheil 0000211000001810
10010, 1000 00000110 001 110 001. 524, 025. 001552. 100 (11011ςο
001000000 0000101010 100000100ος 0100110 001, 001000 10100010
111ρο011000 an der Kirche 0000000010ος 1000 0000 000000ςο der 0000
1011001000 800010000οη0, eingeleitet durch 100 1100001 vom 2. 1100.
1789 00111011000010100000 1100001000οω 0000011100 0000110010
, 10000100 90000100000001000 vom 20. Ρο01010111, 1101110000000000

. 10000 100 0011100100 Gemeinde geworden 00100, 00000010, 1080

klagbe 100 Νο000010100 Wiederorwerbs der 1110000 0100 1001110000
0100100000010000 00000000, 110 Klage 0000001000 001.

(10000110000110100110000111 10901100000001010 000 23. ,1001
1870 100 000010011101 100 80001003.

100100 1000001100000 001 100 gegenseitigou Aufstenungen
100 9001010001110 ergab 0100, 1000 010 01000100001 0000101100 1100000
110100 0100010000 100 (1100100 01001 010 gegeben 00000101 0000100
000010 001 00 10000000, 010 100 00010 11100100 011 110001 00000000·
mon 00110, 10 110 (110010 010 2000000 100 Κ1000100000 resp. 10
1110000 10 81000 100 001. 524. 525. 001552. O. 01011000000000
101, 001 110 100ςο 0000000 0000 8100011100 der 11100100 sei? 111000
Frage 00110 10000010 11100100 001100 (10001 100 01000010ρΕ00
(1000100000ος 00 (1000100 100 0001100000 1100001010 0010001010,
110010. 0000110110003001001 100 Ρ1010 0010000001 11000 aeneum

00000010 01000 0000000 001 0000000100 110110ος 001 0011000 00
21111000 1811 101300100

 

