Bestimmuuqen der 8010001101 1111111001ωο. aber 101. Omen. 9

1111010 1101 110 1011111101 orden 0111111101 sind. 11011 30111101
’ 11011110110111011111111 1011101111, 11010 1111010010 1111111011
11111Βο11111 111 110 1111111010 101 Κ11010111101 1111011101-
011101 11 101101 11110101 110 11011111101 Β1. I. S. 47 1. ff.
11101 1101111101 11 haben, 111 101010 Begrfindung 111 1011101001
11101101. Wir 101101 1101 1101011011111010111011111111110110
810110 01110101. 1101111111111 1010111110 11101 Seite 46. Bd. Ι.
1111111111 11 101 8111011 1110, 10110 quae 10101, 0111111-
1011111010.

Von 101 1111111 11, 11 (110011 1111111010 1111111101 1110111011
1011101101 11110, funden sich 1111101, 110, 101101110111101101ν
Hane 110101 1110110 111111001οη 111 1111101 1011111 11 101101,
110 jener 111111, dem 0110100111 111101,111011101101111 (101101-
1111010 8111131011 von Anziehungsknft 11111101, 101010 11111101
11101111 0110 Vorffihrungon 10111011 und 110 101 engen Pfad
1111011111 1101111011 101 1101011 10110101111101, 11010101 11 101
1111111 111 010110110101 1110111011100111011011 110111 111101, 111
111110 1011011010 80111010 unmoglich 1110. 101110111111111-
10110 lang haben sich 001010 10111101 111 1001 10110 111101 1101
11010, 1110101101 aller Abnoigung 111 11101 1011010 01101 11110101
1110101001111. 111101 dem 1111111100 110101 0111110101 1101101
11101 110 0110101100101 1111011101110101101101, 110 811010110101-
1101 01111111, dass 111 11111011010 10101 Christus 101111 zum (1111-
1011110111 101 101101 11011011 010111 30111 worden 001. Ano
101011111οη 1110111101 11011011010111111111, 1111 00 mit· 101
111010 11110101 0111111101 11111110111111011 1001 mit ihr hesteht.‹

Die Auffaseung‚ gemm 1010101 110 1011111101 01101111
011101011110101 (11101 101 0111111111 1011111011101011111010 10-
111011011111, 0111011 1110 Bekrastigung vonugswoise 11101 11010-
10110111101 1110101111101110101·11101111101 1011010111 1011. [11101
111101 1110111101 11101101 111111 11 1101111011111111101,1111101
erinnem, 1101101, 1011111110 101 0111010, 11101 1011 11111101
1111101011 gagen 110 1111111010 Curio einen guton Klang 101 1110101
1011110110101 81111111οηί101 111. 1111111101 1111 in 0011011
10111101 101 Κ110101100011011011. 111. Β1 1. 8. 106:

»1111 1011111111 in 1111010101111101111011111101011111101
111 11 11111011100110101 111011 110 111101101111011 1001111011 Ge·
11011101111111 (1011 0111111111 11111301 beben 11 111101 111
1011010111 (1011111101 101 walt 1110111010 Hoil 01 0111111101, 111011
10111111110100 111 11 111011 0110111011] 101111 111 1111011101
1010111101 111 0110110101 10110111 1111101 darum immor 1101

 

