' · 1111171 111 mmm 011111111111111111111111111111111

11111111111111111111. «11111111171111111111111 111111 die Ex·
11111111111111111111111 (111111. 111 1111111111 Pseu-131. 1871
111. 17.) 1111111 18. (111 1111111111, 11111111 111111 (111 Η1111111-
1111111111 Se. 111111111113 in 1111111111, 111 1111111111
11111 durch 1111 0111111111 111 kgl.· 011111111111111111111, das kgl.
0111111111111 81. (1111111 1111111111 111 1111111118111111111-
111-81111111111111111, 11111 1111111111111111 111 23. 111
111 1111111 11 1111111111. ·. Eine andoreMitthoilung erging an 1111
(1111111111111111 111 11 1111111111 0111111111 11 Buyern. 811111
1111 111111111111111. Hoste 111 1111111111.

1111111111 14. 11111 1871 11111111111Η1111111111 (1111111-
11111111 11111111111 (1113111. im ,1111111111Ρ111.·Β1. 1871 Nr. 16.
Vgl. 1111.111.111.“1081.)1111111111 111111 1111 111 0111111111

11111111 111· 1111111111 11111111111111 1111111111 Versammlung und ¹

111 (11111111111111111 1111111 11111111 1111111 11 die 11. 81111111-
3111111111 1111111 111, 1111111111 11111111 Unfehlbarkeitsdogma
1111111111111111117111111111 111111. 1)111111111111111111 1111111111
111 »111111 8111111111 an 111 1111111111 vom 17. Apn'l von Prof.
Rubor in 11111111, 1111111 die Hauptrede 11 (111 »1111111111111-
11111111111111 111 0111111119 11111111 11111 (111111. in (111
11111111. 11111. 111. 1081111 Augsb. Postztg. 8111. 111. 28.) 11111111
11111111111111111 18. April 1111 111119111111111111111111 111
1111111111 1111111111. 111. Bon. 111. 11111111. 11111111),
1111111111111111111111 lange 111111111131111111 11111 (111121.
1111111111. 1111111111. 117. Augeb. Postztg. 1. 1.). 811111 11111
1111 11111111, 111Η1111111111111111111 111111111111111111111
1111111111 11111111 concil 11111111 111 77111111111111111, 11 1111
(1111111111 8111111 111 (1111111111111 und 1111 1111111111 dem
1111111111 1111111111 1111111111 11 111311 111 81111111 111 (111
8111111111· 111111 11111111. Das 0111111 1111111111111 11111111.
Vorsammluhg« vom 1111111111 11111 dem 21111111 1111 Art
Protest' gagauden 11111111111111Η1111111111 vom 14. April (11111
111111. 112.) 711 Ρ111. ,1111111171 11111111 1111111111. 111.
1111111128. 1111 vom 27. ‹ 11111 1111111 1111111111 1111111 111
11111 11111111111111 11111 111111111111 1111111111, 11111
11 dio (ffiltig'xeit 111111 11111111111111111 hostria und 1111 fiber
111 1111111111 111 (1111111111 Β1111111 111 dem (111111 erging. Und
1111111111,’1111111111111 111111111111 1111 1111111111, 11 gut
1111 (11111111111111111111111, 111 111 1111111 8111111111. 11111·
rigens 1111111 111 111111ῐί1111, 1111111111111111111111111, 1111
111· 11111111 1111111111 11111111111111 111111 111111. 1111111111 ’111

,1

 

