48 0000100100. Simu. 80011000 der 001 orden 10 dev·¹ mue. 10001.
100 1000, 1100 11οο01000 tugen 110 0010001110 0001110000 100

0001101000100 001110010011000100000000 110 1101000010 010110
10100 00001000 01111000 Numen 00100 01000100 001 diesem 11000- Ι

1

000010,οο 1000 010 1100000 1100101001 00100003001010010110
der 1001000000, 001010 110 hier 001001011300100 1100100011οο00
1000010100, 1010011110οη vom 21. November 1861 gesngt 1010
»Man 101010000οω 101030ωο0111100110 1011110000 000 1000
1011010100 1000, mn 101 1001000101, 8 110 0000 1110000 00100000
110 Βο1101011000100 8010001000. 0100110001010000 00101 10-
101111, so 1010 101, 010 101 0001110000 Ρο1111000011011010000111000
von 1010000100 100 alten Κο01000 001 001101 von 110000 0010110110,
10001000101101, 010 00 10000. 101 00 00110100, 0011 0100000101εο
11101010110100101011 110 10101110 1100001001000000010010001000-
100, ,001010 0001 uit 10101000 1111000 1100100 1100 0001010111,
001 110 0010001 dieser 1011 10010 00010000 10010100101101 11001
man 001101101000100 10 01000 00 0000100 000100001οί1 0100 001010
100100000000101100 100 10910000 1110 100100 0010, dor 0110
, 11001οο ist 10001 0100 1000110οΜ 000 00001010 400000 1100100
00100100, 0110001110 1000100100 110110111001101011 von 10000
01011110001001100. 80100 dieser 11001001011010 001110 1110010000
001 1110101011 0010000. 1110 0101 0011 00110001 10000 der 100·
0100100 1100100000 3010 1110101100 0100000010ος 011010 01· glauben,
1001011010010111 0010110 101 001 1000 er 00110000000011,
0000 0010001 0000100 und 11000010 000000ςο0 000100 0111, 001010
nur Keimo 100 Hm 001 101Ι 1111110003 0100, 0011000110οΐ
du 1111000010 zur Untorgmbung 100 11101000 001 100 110-
1000011 111000. ’

11001 010 wart. 11110100 00 0101001011 000001, 1101101000
100 101000000001100 10100 0110 im ,10100 1040 010010101190010
8000010 3000011010 1010010001οω im 1000 geruum im (1100-
100 001 1100010000000100000, 0010110 1101000010 10010 dor 100-
1000000 1101100101 0000000001ου 0000101000 0000100, 10111010010
0011001010 1000110000 010 00001000οᾱ00 votum 0103000100, 010

11000 1001000000 dem 10110 000301ος1 warde. Ηο010 000, 0001.

010001 1001001011, 10011000 1101000100 0010001011 001 001 100 010
0001111010· 0000001010 00 10100 01001100, 001110 man 00010 01000
ganz 0010001010100 00110000 100000, 0000 11000 0000110000 10-
10000101, 1000 mm ihr 000011 001100, dass 0000 010 10 0100 10110

¹ 00001100 11000.

wir 0011100000, iudom wir 110000 1111. ,100 Rom 1011011

· 0001011000 .

 

