101 (1111111111 (1111111111. 111111111111111111 30. 1111111816.

werden kann, 1111111 1111111111 1111111111 1111 durch (111 1111111111
11111111, 11111111 Β1111111 111111111111111111111111 (1111111111,
1111111( 1111111111111111111111111111 1111 Β1111111 auf 111
heiliga 81111111, 1111 dom 111111111111111111. 111111 1111111 ((1-
1111111111111111111111111 111111111111111111 111 11111111 1111111,
111111111111111111111111111111111 nicht 1111 1111111111 111-ι
111 111111111111 oder 1111111111111111, 1111111 111111 1111111111
111111ῆὶ1111 1111111111 111 1111111111 (1111111111 11111 11111
nur der Β1111111 1111111111, 111 1111 1111111111111111111111 111111·

“ ’11111111111111111111111111 1111111111 hat. 111 1111111111111111111

im 1111111111 111111 11111 111111 11111111111111110111111111111
(111. 11. 111. XI. 1. 143.) 111 111111111111111111111111111111
111 11ὶηί1111111 (1. 1431. 11111111 111111 11111111111111101-
1111111111111 Κ111111 1111111111, 111 1111111111( 111 ’.11111111
111111111111,’ 1111111111111 111 1111111111 und 111111 111111 zu 1111-
1111111Τ1. 11. Τ11. XI. 91. 132-134.), 1111111111 (11111111 111
1111111111111 (111 Justizcollegium 1111111111 11111111. (1111 (111
(1111111111 111111 111, 11 1111111 111 1111111111111 11111111
1111111111 (111 auf Anrufon (111111111111111 Ρ111111111111111111.
1111111 11 11111111 11111 (1111111111 111 1111111111 1111111 nicht

darauf 11, 11111111111111111 1111111111 1111111111( 111 1111- ’

potente 11111111 111, 1111111 welche 11 1111111111111111111111111
1111111, 1111 1111111111 111. (1111111111 1111 111 11 1111111111 111

0111111111 111111 11111111111110111111111111111. 11111111 1111111 ,

1111111, 1111 111 einer Trauungswoigerung, 111 11 mit, 111 1111111
1(11111, 1111111111 11111 111 11111111111 1111111111 11111111-
111111 1111111111 vor 1111 1111111111 (1111111 11111 (111
Ρ111111111111111111111 1111111111, 1111111 111 durch 11111111
111Κ1111111111111111 11111111 11111111 11111111111111111111111, 111
11 111 1111 1111111111111111111(1111111111 111111111111111. So
1111111111( (1111111111 11111 11111111111111111111111111111111
11111111111111111 111 111 1111111111 (11111111 11111111 1111111
kann, 1111 111111111111 111111111111 (1111111111. 11111 (111 ’
111111111111111111 1111111111 11111111, kann 1111111 11111111 Un-
111111111 1111111111; 1111111111 hort (11111111 1111111111, 111111111-
111111 111111111111111111 1111. -1111 111111 11111 11111 (1111111111

1111111111 111111. ΙΙ. 111111. 11.119-514.1111111.1.1; 1

1111 hier 1111 11111111, in 11111111 111111111111111111 1111111111 1
111111111111111111 111 1111111111 111 111111111111111111111111-
1111111111111111111 111 3111111111 dem 1111111111111 Richter
1111111, 1111111111111111111111 1111111111 11111 111111111111111111111

 

