5. 1111110100 1000101010 110 Domina 1011010010 11109010 245

digkeit (0011101011) 10110 1411011111 11101, 111 11000 1101001101
1011, 11011 110 10110101101101011 110111010111101011111011).
111011101Ιο 0101, 110 100 1111 010001101101011101110111111101-
30110011 101, 11111 101 011, 110 00 1111 111101 010 011 1011001011
0101 1111000 10111101, 1010110110 010 100001 Quasidomioil 0111-
0010100111). ,

110011110001111101011110 11011· 0101 ,4100110111101 0110·
10111, 00101110 11011101 0101 11111110 0111110001011 1001 1011
1010110101100101 1100111) 111 110 011010111011110111110111101-
11010100110111111111, 1100110 01 1111001011 angenommene Person
(100 1101111111) 101 1101101 100 1011101010 (1101111101010) 0101
101 10001100110101101 101 1111111111οτ (1111111111101) 0111111),
11111011 0101111101, 101101001101110111011011100011 110111011-
101100110111111101,1010111101 auch 11010101101110 101 11101·
110101 (1011011 1101 110 110111111 101 Seite 100 11011101010, 11101
1011101 101 10101 Betheiligten 011010 1001111111, ja ganz ausge-
001100001 1101101 1111011).

11011101110111110101 fiber 100 11011111111110 1110111010
(1011111 1101111111, 001111 11Βο11011 100 1111110110 110001111101
011011 11 1113011101οτ 010 1110110101 1011011111 10000110111011
1011011 100 101010110101,1110111101110101101011010101101Κ111011).

11011 0101 101 1101110101 110 1110111010 (1011011 1101100
1101111111 11011011111, 001 00 1110130 011001000110101 110101011-
1011110101), 0101101100110103011), 1001 1101 auf· Grund einer
diossfflligen 11010101111111 100 30101110 1111 010 001101 101111101-
10100001 zu 0101 in 0011 Ηο10 0111111111 00101 0111011, 1000 101
11011011110111011011011 11 1110110101 Beziehung keineswegs 010
101100 1111111111οο 011000101 0101101 1101111).

-η-ι-ι--ι--ι-ιο-ι

1) Vgl. oben S. 2084 v. 80019111) a. 0 0. Β1. vm. S. 101.

2) Vg1. oben Β. 211. Nr. V11.; Nr. vm.

3) 1 1. (1. B. 55. lvo—185.

4) 111011. 55. 182, 184.

5) 11011. 5. 1831.

6) 810110 0101 1141 111113.

1) A. 1. G. B. 5. 184.

8) 1100 1011101 Fau 1011101110111110011111110 1010110 grmjthrig
0101 mr gromjsshrig 0111111 101. 810110 01011. 55 111, 114, 151 1.

91111. Archiv 1111 10111. 1110110011, Β1. xlx. S. 257 1.

10) 131 111111. 5. 41. 1101 in 111301110101 1101101113 11101101 Adop-
111111101100111. 20. der O. J. N. 101 1101110111 100 110111101110 1111 111101
101 10101οω1113, 1000 010 1110110000111101110101 (1011011 110100 111
1111111011 0. 0. 0. S. 31101011 11101 S. 141 1110 1.

 

