880 11111111. 111 1111111111111. 111-111111 2⁰. Man 1871.

81111111111111111111111111111111, 11111 (1111111111 111 8111111111
111 (1111111111 durch 111 1111111111 Deerat 1111 11. Prair. 111
1111111111 11111111 war -- 1. h. 1111 11111111111111111111 1111111111
111111111111111111 8111111111

· 1111111111 1111111111 Generi 1111 28111111. V. (12. Sept
17971111 1111111111 111Ρ11111111111111111111 noch 1111111111,
1111111111111 1111111 vom 7.·1111. 1111.(28.1)111111111 1799)
1111 2. Ρ111. VIII. (22. 111111 1801) 111 Abhaltnng 1111 Fort-
1111111111111111111111111 11 111 1111111181] dnm 8111111111111
111111111111111111111, 1111111111 111 11111111 nient 1111111111 sein
1111111, 1111111111, 111 durch 111111 11119. 1111111111. (29. April

1801) 11111111111111111111111111111111 1111111111 1111111111
1111111111 1111111 ’

ἲ 111111111111111 nm 26. 1111111111 lX. mit 1111 Papste 11
geschlossene 1111111111 111 111 1111111111 (111111 1111111111 01111

11111881111111 Χ. (8. April 1802) - Loi 1111111111 l'organi·
111111 111 111111 - 11111111, 1111111111111111111111111111111111111
Bertim'mnngen folgende sind:

111. 1 111 Convention: La religion 1111111111, apostolique 11
1111111111111111111111 1111111 11111111111 11111 1111 1111111111,
1111 ,conforment aux 111111111111 1111111 11111 111111111111
11111111111111111111111 1111111111 1111111111 nach 111. 2. 111
111111 11111111 0111111111111111 111 1111111111 111 8111111111 111-
11111111 werden. '

111. 12. Pontes 111 1111111 111111111111111111111111,1111111
111111 11111111 111 11111111, 1111111111 11 11111, seron! rmiscsir
111111111111111 der 1111111.

111 18. 81 81111111, 1111111 bien 11 11 pair 11 1111111111 11-
1111111111111 11111111ῑὶ11 1111111111 1111111, 111 111111 11111111-
oernenrnn 11 1111111111 11 1111111 1111111111 111 1111111111 1111111111
111111111111111 1111111, 111111 11111111111 11 1111111111 de 111 111-1·
1111 biens, 111 111111 1111111111 y 11111111, 111111111111 incorum-r
rables 11111 1111111111 11111111 11 leurs 111111-11111. 1

.’ In 111. 11. 11111111 111811111111111111Β111111111111(111
11111111111111111111111111Ρ1111111111111111111111111111111111 ³

11171.1)1111111111 1111111111 11111 1111111111 1111111
11 department 1111 1111111111 1 procurer 1111 1111111111111 11111
111 11111111 1111111111. ’

· 111. 71. 111 Ρ11111111111 111111111111111111,111 11111
111111111111111 11111 11 111111111111 11111111111111 -

 

