111 mmmm 11 1111111 1111111111 1111111111. , , 111

worden 111, 111 viar 111111 1111111111 durch (111111 111118»
Ventoso ix. (9. 11111 1891) 111 1111111111 Β1111111111111111
1111111111 11111111 1111111, 11111111 11111111111111111111111
0111111111 111 111· 1111111111 111111111111 111 11111111 1111111
durch 11111ῠεί11111 Regiemngseommiaeare 1111111111 worden 11111
1111 11111111111111111 111 seit 111 1111111 111 vereinigung
111111111111111111111111 (1111111 1111 1111111 11111111101111111·Ι
mento 11 111111 111111, 1111111 111111111111111111111111 nur
1111 111 in so 1111 11111111111111 11111111, 111111 11111111
11111111 11111111111111111 111 111311111111111111111111, 11111
11111 11111111 1111111111111 1111111111 11111111 worden 111111
1111 1111 1111111 11111 111 1111111 111 1111111111111111111111
vom 29. Ρ111. 11121. 711171. (17. 1111111111 16. 1111117981
11111111111 7111111111 111 811111111111111111 gagen 111711·
11111111131111111111111711111111111 111, 111 1111111111 An-
1111111 1111113111, Μ1111111111111 1111 mammen, 1111111111
8111111111 1111111111111 111 Ν111111111111111 11111111 111111,
1111 1111 111 hier specioll 1111111131111111111111111113111
¹ 011111311111111111 18. (11111. X. 1111111111 neuen Dopastemonto
11 Beziehung 111 111 1111111111111111 111 11111111119111111
1111111111 (111111 111 111116 111 0111111 vom 29. Ρ1111. X.
(9. 1111 1802) 111, 1111111 1111111111 1111111 1. 11 111111 11111111-
1111111 (wie 1111111111 11111 1111111111 111111311111111)111ς1111·
1111101111811111131111101111111111 - 1111 1111111111 111
11 (1111111111111 (111111111111 18. 1111111111 L 1111111111 1111
111111111111111111111111, Ρ11111111, 91111111111111 111 Semi·
1111111 -- 111 1111111111 1111111111 111. 2. 11111 1111111111 11111
111Η1111 111 1111111 1111111 in 1111. 3.1.1.18111111111111111·
111111 11111111, um die Untersehlagung 1111111111, Regianum
1111111111 zu 1111111111 in 111. 7. 111 1111111111 1111111
7111111113 1111111, 111 in 111. 1111113110111111111111111
111 11 18. Gom: dernier 111111111111111111111111 111 6111111
1111111 1111111 1111111111 111 1111111111 1131111111 y 1111111111,
111 edificas 1111111111 11 aclea 1111111111, 111 11111111 episcopales
11 1111111 y attenuata, 111 maisons moniculos 111 1111111111 11-
11111111, 11111 1111111111 1111111 111 1611111111 1111111 1111111-
111 11 1111111 18. Germ. dernier 1111111111 1111111. 1611111111
il y 1111 1111 1111111111 11 1111 111 111111 111111111111 mobilior
111 1111111, 111111111111 11111 111111111111111111111111111111111·
1111111111111111; 111111 11111111 12 11. 7111311111 11113111
111 (1111111111 111 111111111111 1111111111 1111111111 1111111

 

