111 1191111111 aa Kirclm am 11111111 1111111111. 288

1111111 111. 72. 111. 11111111, weil in diesem 111 71 111 (1111111111-
81111111111111 111 11111111, 1111111 von 1111111111 111 Rode 111
und 111111 111. 72. 111111 111111. 71. nur 1111111 1111111
, haben, 11111111111Ρ11111111111Ρ111111111 11111111111111 111111-
; 1111111111111111 (11111111 1111111111111111111,1111111111111111111
111 1111111111 111111 111311111111111111111 1111111, 1111111111-
111111, 111 1111111 1111111 111111 1111111111 111Ρ111111111111111.
111 Germ-Gennaes) zusammenhangt und 111 1111111 1111111111
1111111 1111111111 111 zu einer 211111111111111111, 111 1111111-
1111111111111 noch 11111 111 1111111111 11111111111111111311
zurfickgegebon 1111;

11 1111111113, 1111 111111 111 111111 1111111 1111111111 111
1111111111 1111111111 111 1111111 ,811111111111111111111111111111111
¹ XJII. (21.1)11111111, 1804) 1111 2. 11111. XIII. (22.1111111805)
¹ angerufen 1111111, 111111 1113111111 11111 111 1111111111
dass 11111111111111 3. 1111. XHI.) 1111 1111 Deerat 1111124.
; August 1793 1111111111111, 11111111 111 (11111111111111111 1111
“ 81111111111111. 1111311 111 1111111111111111111 111 (1111111111
s (bis zum Β1111111]1111111111111)111 811111111111111111111111 111111,
mit 1111111111 111111 (1111 111. 9111111 11111111) 1111111111 biens
1111111111 111111 1111111111 1111111 11111111 1111, 111 111 111111 11-
11171111 pour 111 &abiissem 11111111, 1111131111 1111111111 111
Frage 1111111111 war, 1111 1111111111111111111111,11111111111
8111111111111 diesem (1111111111 111111 11111111111111111 111 11111
¹ 81111 1111111111 1111111111 1111 111113111111111111111Ρ111111111111-
1111111311 111 (1111111111 111, 111 1111 111111 11111111 11111111-
griffen 11111 111 an 11111 111111111111111111111111 111111, 11111111
1111111111, 1111111 1111 11111 111 11111111, 1111111111 111111111111
1111111111 111 1111111 public 11 11 1111111111, 11111111111161
1111111111 11111 1111 111111 111 11111111, 11111 1111111111 111 11111,
commo 111 111111 de 11111,1111111111,111111111111111,111 1111111
rendum au 111111, 111 halles, 111 1111111111 1111

dass 1111111 11111111, 1111 111 11111111 hier 1111 111 81111111
1111111 (1111111111 1111111111 1111111, 111 1111111111· 1111111
1111111 dem (111111111111111111111, 1111 dass 111111 1131111111
die 11111 111 111111111111, 11111 Κ111111 11111111111111 po·
1111111 1111 111 Religionsgemeinde 11111, 11111111111111111
Ῐ 111111111111111111111113 1111111 Eigonthumsfrage gerade 1ο 111111
’ 111111111111111 aus 1111 1111111111 111 1111111ςηί111 1111111111
1111 11111 1111111 11111111 1111111, 11111 111111111111111111111-

1111111111

 

