11111111. um 11111111111111111111111 ‚2⁶2¹

19 11111111.

11111 Wen 1111111111 Μ1111111111111111111.”

In 11111 11111111 1111111111111111 1111111 1111111111111111111
1111111111 111 1111111111 (11111 1111111111111111111111111111111111111
Es 1111111111 111111 11111 111111 1111 11111111, 1111 1111111111 1111
1131111111 Η111111111111111111111 111111 dio 1111111111, 1111 Anlag9J
[1111111111 um] 111111 111111111111111, 111111, ,1111 111111, Ι11111111,
1111111111, W9rner 11111 11111111, 1111111111 11··,111111111;1111,1 11111111,
1111111 111111181111111111111 1111111111,11111111111111111111111111111
11111111 111111111111111 1111111111111111111 .

·.: ,1, ,1111111 1111 1111111111 11111 ,111111111111111111111 11111
1111111 11 11111111 1111111111111 von ‚Dr-..9999
1Κ1111111111111111111, 808 8111111, 11115111 11111 11111 1849,
1111111 111111111111111111 18651111111111111111111111111111
11111, neuen 111111111111111111111111111111 und Verbess9runge9
11111111111111111(111111111111111111111111111111111111111111
tin km'ipfte 1111111111 (111 1111, 1111Ι 1111111111111111111111111111111111
der 99999939999999 mit 1111111111 (11111111111111111111111111,
ja 1111111111 811111, 1111111111 1111111111 9999 1111111111 1111111111
11111118111111111111,11111111111111 111111111111111 111. 1111131111
sein 11111111 111111 11111111 11111, 11111111111111111111111181111 1111
111111 111 1111111111,11111111111111111111111111111111111111
0111111111 1111111111 1111111111,111111 11111 Mass und 11 111111
111111, 11111 die 1111111111111. 111111111111111111111 den 111111-
1111111111111 (1111111111131111111 11111111 1111111 111111 1111111111
des 1111111111111 und 1111111111 1111111111 11111111 sein 11111111
111111 1111111111 11 11111111111 11111111 1111111111 1111111111.
Uebrigene 1111111 es 1111 1111 mehr 99Wert 11 111111111111Β1111111ἷ
11111111 111 1118111111 1111111111, 111111 11111111111111111111111
1111111111111111111111111 1111111111, 11111111 Paragraphe 11111111
111111111111111111111111 11111111111111111111111111111111111111111111
11111111111111111111111111111111111111111111111111,811111111111111
1111111111 finden 1111111111. ·

1111111 11111 11111 1111111111 ’11111111 1111111111 99³9}
der 111111111κῇ11 summa 1111 Dr. 113111111ωά 1411111 (1111111 111
1111111111, 8117 8111111, 5 11. 30 11.1,1111111111111 1111111111 111111111-
11111 111111111111111 1111111111 1111111111ᾰῷ 1111111 1111 1111111111
und 1111111111 11111111, (111 1111111 1111 111111 11111111 111111 Ρ1111111111111
1111111111111. 11 1111111111,1111 111, 11111111. 111 11111111 1111 111

 

