mm 1811118 demum 1811818888 vom 2⁸. *Mon 13⁷1.

1811888 8 8118811181 181 8881 (118888 1811118888 die Gmknim (188
88811888· mmmm Pam 8818181 8811811 8888881888 1

1188 Ι1188181888 188 1888188 18818181 188181888818883188
Papum 888188. ihre Vemmmlung 88181 888 ’.11111183881888818888
nuche (11881 11. 1.,321.) 88118 881888 1881818888 (1858159.) mit
18188818818881888888118111. 11881 1111183888 8188881888 11888181-
1888 ,888 (188 8188811818 188818 1881888188, 1818111188, 8181 188
1888188 118888 zu entledigen. 18 nun 118 11881188888 188 Ρ888188
11888 11881888 1181 zu ι818888 1188188888811811818188, 88 88818188 ,
818 188881188 818 1188111888, 818 188181888 118888181188.1, ,

1188 8181 Man 8888818 8888 (1188188888111818888188.« 11188
8818188 diesem 18881 188 1888118888 188 08881888888 1888188
18881 188188Ι (188 (1888118888888881883 81818, zum Dogma, zum (1188-
18888811818(818188818,1888 88 8818881 11818881888881188888888
lung noch 818111.888) 118 118388 1v. 18881111 8888188818, 88
88881 88 818 188181888 881 1181888 8811181881 von 188 Versammlung
abgesetzt.

' Trotzdem' 11181 88 8188 Ρ8881, und (188 888 188 1881888 88-
8111181838888881188118188818188. 1188 88188 181 818 1888818,
1888 1183888 IV. 188188811888 188 [181888818888 (188 1888188 88188
(188 0888118888888881888 81811188111181181, 881 dass der 188811888
uberhaupt 88188 181188 8881881188 818 Dogma und (1188188888111881

' 888818881888.

181188 888 88 18888118 81811, 1888 (188888 selber 8881811,
1888 vor 188 0888188888 Versammlung 881818 18188 88888 118 1881-
118118 und 1818881881 88181881 8818811888 8881188 war 88 88 818181,
weil 88 8188 8188111818 1881118888 1188 von 1881181881811, 18888- ’
(1888 von 188 1888888888 1818818188 888818.

1181888881181181188181118 »mm 88188 81888 1888888881
888188881818188 18181888881811111818818 18118 88888 lv. 8.
vl.) angoffihrte 8118 (118 8188188188 11881118 1881181888 Ρ8181 8181,
88 1811188, 1888118 818818818111818 118 11188818 und 18188818
81188 8881888181, 881 1888 8118 (118118118118888 mit 1888 8188188188
Pap& 818 118888 1188818 8181 8888181888 men. 1188 8181818888
188 118181881188 18188 denominabat 1181818881 8831 8181
von 01818188 1888
· 118118 1181881818 1811811888 88118181828888188188888·
88181881 118188 88 881888 mtenxundgebung 88819.18188881810
(8118188 118818 1188 118 18181118818118818888) 81811181111118388
118 181188 1818881888 881, 1888 118 8188118188 181-1888881818,
8881818 88 118 (1888811818 8888188, 8818111888 88188, 18188 8888

 

